Brasil
8515767
214000000
1493
75.9
150
Japão
377975
126000000
4936
84.7
497
Canadá
9984670
38000000
2040
82.3
225
Estados Unidos
9833517
331000000
26000
79.1
2980
Alemanha
357022
83000000
4260
81.2
1361
França
551695
67000000
3075
82.5
719
Reino Unido
243610
68000000
3160
81.4
296
Itália
301340
59000000
2100
83.5
742
Austrália
7692024
26000000
1540
82.9
510
Argentina
2780400
45000000
520
76.8
74
Coreia do Sul
100210
52000000
1800
83.3
276
Indonésia
1904569
273000000
1100
71.7
37
Egito
1002450
104000000
400
71.2
26
Turquia
783562
85000000
900
78.6
60
Colômbia
1141748
51000000
400
77.1
22
África do Sul
1219090
60000000
411
64.2
86
Suécia
450295
10300000
621
83.4
198
Noruega
385207
5400000
482
82.9
148
Finlândia
338424
5500000
289
82.5
152
Nova Zelândia
268838
5100000
243
82.1
122
México
1964375
126000000
1800
75.4
69
Polônia
312679
38000000
590
78.3
465
Argentina
2780400
45000000
520
76.8
74
Egito
1002450
104000000
400
71.2
26
Paquistão
881913
220000000
320
68.5
10
Bangladesh
147570
170000000
210
72.1
8